0 6
1 1
2 3
3 2
4 9
5 7
6 1
7 6
8 5
9 1
10 7
11 9
12 5
13 5
14 7
15 2
16 3
17 4
18 4
19 8
20 1
21 6
22 2
23 1
24 8
25 2
26 10
27 2
28 0
29 2
30 7
31 7
32 7
33 5
34 0
35 4
36 7
37 4
38 2
39 7
40 6
41 5
42 4
43 1
44 5
45 4
46 1
47 4
48 8
49 8
50 5
51 10
52 10
53 5
54 3
55 4
56 5
57 10
58 1
59 0
60 6
61 10
62 1
63 6
64 4
65 2
66 4
67 1
68 0
69 0
70 5
71 2
72 8
73 7
74 5
75 5
76 7
77 5
78 9
79 1
80 10
81 4
82 3
83 3
84 2
85 5
86 7
87 1
88 3
89 3
90 3
91 9
92 10
93 0
94 9
95 2
96 2
97 6
98 10
99 0
100 0
101 0
102 10
103 2
104 6
105 0
106 6
107 10
108 1
109 2
110 2
111 5
112 6
113 10
114 8
115 5
116 10
117 1
118 4
119 2
120 7
121 3
122 10
123 8
124 1
125 7
126 8
127 7
128 8
129 4
130 6
131 5
132 5
133 6
134 0
135 5
136 3
137 10
138 4
139 5
140 1
141 7
142 7
143 4
144 8
145 9
146 9
147 9
148 6
149 7
150 9
151 9
152 5
153 7
154 6
155 1
156 1
157 5
158 0
159 1
160 10
161 6
162 1
163 4
164 2
165 10
166 0
167 1
168 10
169 5
170 10
171 8
172 4
173 4
174 3
175 2
176 9
177 0
178 7
179 2
180 0
181 9
182 1
183 9
184 2
185 0
186 9
187 2
188 1
189 1
190 3
191 8
192 4
193 0
194 3
195 1
196 8
197 7
198 1
199 0
200 6
201 10
202 2
203 0
204 9
205 4
206 1
207 3
208 10
209 7
210 3
211 8
212 0
213 5
214 5
215 8
216 4
217 5
218 3
219 1
220 7
221 5
222 8
223 6
224 2
225 9
226 2
227 2
228 8
229 5
230 10
231 8
232 9
233 2
234 7
235 6
236 7
237 7
238 2
239 3
240 6
241 9
242 5
243 7
244 3
245 3
246 7
247 8
248 8
249 9
250 10
251 6
252 0
253 2
254 10
255 6
256 0
257 10
258 6
259 9
260 1
261 3
262 4
263 2
264 3
265 2
266 9
267 10
268 10
269 7
270 0
271 9
272 1
273 9
274 3
275 0
276 3
277 5
278 1
279 8
280 10
281 1
282 0
283 6
284 4
285 3
286 7
287 6
288 3
289 4
290 0
291 9
292 6
293 10
294 8
295 1
296 9
297 7
298 4
299 4
300 5
301 6
302 7
303 1
304 5
305 7
306 3
307 5
308 0
309 6
310 3
311 5
312 0
313 3
314 3
315 2
316 5
317 8
318 6
319 10
320 5
321 6
322 5
323 3
324 1
325 0
326 1
327 7
328 4
329 0
330 8
331 4
332 0
333 9
334 6
335 3
336 6
337 10
338 3
339 6
340 9
341 5
342 4
343 10
344 4
345 3
346 6
347 2
348 10
349 1
350 1
351 6
352 10
353 5
354 10
355 6
356 8
357 4
358 8
359 1
360 5
361 0
362 2
363 5
364 5
365 5
366 0
367 2
368 10
369 7
370 1
371 1
372 10
373 7
374 2
375 4
376 9
377 0
378 2
379 0
380 7
381 6
382 2
383 7
384 10
385 0
386 0
387 2
388 10
389 3
390 0
391 9
392 5
393 8
394 6
395 10
396 4
397 8
398 0
399 7
400 7
401 1
402 3
403 5
404 2
405 1
406 9
407 2
408 0
409 4
410 10
411 6
412 5
413 5
414 3
415 3
416 1
417 8
418 3
419 0
420 7
421 1
422 5
423 1
424 10
425 3
426 2
427 6
428 10
429 5
430 9
431 7
432 2
433 5
434 1
435 4
436 0
437 4
438 1
439 10
440 10
441 4
442 2
443 10
444 4
445 6
446 1
447 5
448 10
449 3
450 8
451 3
452 7
453 0
454 4
455 0
456 7
457 1
458 6
459 8
460 3
461 1
462 4
463 10
464 2
465 10
466 0
467 4
468 5
469 4
470 7
471 2
472 5
473 8
474 6
475 1
476 5
477 5
478 0
479 8
480 0
481 7
482 8
483 5
484 0
485 2
486 0
487 8
488 4
489 7
490 8
491 8
492 1
493 10
494 7
495 4
496 8
497 6
498 3
499 1
500 6
501 1
502 4
503 8
504 2
505 9
506 2
507 2
508 2
509 6
510 4
511 6
512 0
513 8
514 5
515 4
516 1
517 9
518 3
519 2
520 6
521 4
522 8
523 4
524 7
525 7
526 9
527 10
528 9
529 0
530 7
531 8
532 7
533 3
534 1
535 1
536 8
537 2
538 10
539 3
540 4
541 1
542 7
543 2
544 0
545 5
546 6
547 5
548 6
549 5
550 6
551 10
552 4
553 1
554 3
555 2
556 8
557 1
558 10
559 6
560 6
561 7
562 0
563 2
564 6
565 9
566 5
567 4
568 2
569 7
570 7
571 10
572 6
573 9
574 0
575 8
576 4
577 7
578 5
579 7
580 3
581 1
582 0
583 3
584 0
585 4
586 10
587 10
588 9
589 4
590 9
591 10
592 1
593 6
594 7
595 5
596 10
597 8
598 7
599 3
600 3
601 10
602 4
603 10
604 7
605 8
606 7
607 3
608 5
609 9
610 0
611 6
612 9
613 8
614 10
615 5
616 7
617 2
618 9
619 6
620 3
621 1
622 7
623 8
624 0
625 9
626 7
627 2
628 7
629 4
630 0
631 1
632 2
633 1
634 3
635 5
636 2
637 5
638 3
639 1
640 9
641 1
642 4
643 6
644 0
645 0
646 7
647 8
648 0
649 5
650 5
651 6
652 8
653 3
654 8
655 3
656 1
657 3
658 6
659 5
660 0
661 3
662 1
663 4
664 10
665 4
666 1
667 10
668 8
669 2
670 6
671 7
672 7
673 8
674 0
675 5
676 2
677 2
678 3
679 2
680 1
681 4
682 5
683 8
684 6
685 8
686 5
687 9
688 5
689 5
690 2
691 3
692 5
693 10
694 8
695 6
696 6
697 7
698 0
699 10
700 5
701 1
702 9
703 4
704 5
705 5
706 9
707 6
708 3
709 9
710 9
711 5
712 3
713 5
714 10
715 5
716 10
717 10
718 2
719 6
720 3
721 7
722 8
723 3
724 3
725 3
726 9
727 8
728 7
729 1
730 1
731 4
732 6
733 0
734 4
735 1
736 1
737 4
738 0
739 6
740 1
741 3
742 7
743 3
744 10
745 2
746 3
747 4
748 3
749 6
750 10
751 10
752 3
753 5
754 4
755 6
756 0
757 3
758 9
759 0
760 0
761 10
762 6
763 5
764 10
765 6
766 2
767 7
768 8
769 9
770 7
771 1
772 2
773 3
774 0
775 4
776 1
777 10
778 4
779 3
780 8
781 0
782 10
783 6
784 5
785 6
786 9
787 6
788 10
789 7
790 1
791 7
792 6
793 0
794 9
795 7
796 10
797 5
798 9
799 8
800 7
801 4
802 0
803 3
804 1
805 5
806 9
807 4
808 9
809 3
810 5
811 9
812 2
813 1
814 8
815 7
816 7
817 9
818 5
819 10
820 2
821 5
822 5
823 6
824 9
825 5
826 1
827 2
828 6
829 4
830 8
831 1
832 10
833 6
834 4
835 1
836 5
837 10
838 9
839 2
840 0
841 9
842 1
843 3
844 2
845 7
846 1
847 9
848 7
849 8
850 7
851 3
852 4
853 9
854 6
855 0
856 1
857 2
858 10
859 3
860 9
861 2
862 8
863 1
864 10
865 2
866 0
867 8
868 4
869 3
870 2
871 5
872 2
873 0
874 3
875 1
876 4
877 1
878 5
879 7
880 0
881 2
882 4
883 0
884 2
885 8
886 1
887 10
888 8
889 10
890 0
891 3
892 4
893 4
894 3
895 0
896 0
897 1
898 7
899 8
900 9
901 8
902 2
903 8
904 0
905 5
906 4
907 3
908 2
909 6
910 8
911 10
912 2
913 4
914 1
915 9
916 2
917 7
918 0
919 7
920 7
921 7
922 2
923 6
924 8
925 2
926 4
927 2
928 1
929 1
930 7
931 5
932 10
933 10
934 9
935 1
936 9
937 6
938 5
939 5
940 3
941 6
942 2
943 1
944 10
945 10
946 2
947 6
948 6
949 4
950 4
951 4
952 4
953 7
954 10
955 6
956 3
957 2
958 0
959 0
960 5
961 3
962 5
963 0
964 7
965 5
966 2
967 10
968 9
969 2
970 8
971 4
972 0
973 8
974 7
975 9
976 3
977 5
978 2
979 7
980 9
981 3
982 2
983 8
984 1
985 3
986 9
987 8
988 8
989 0
990 1
991 6
992 9
993 10
994 2
995 10
996 4
997 5
998 0
999 4
1000 87
1001 81
1002 28
1003 52
1004 67
1005 8
1006 55
1007 14
1008 82
1009 48
1010 34
1011 89
1012 10
1013 67
1014 95
1015 1
1016 65
1017 28
1018 92
1019 21
1020 31
1021 19
1022 1
1023 15
1024 47
1025 40
1026 64
1027 2
1028 18
1029 92
1030 82
1031 2
1032 93
1033 60
1034 66
1035 95
1036 39
1037 37
1038 56
1039 56
1040 29
1041 20
1042 75
1043 81
1044 61
1045 77
1046 60
1047 45
1048 18
1049 65
1050 89
1051 73
1052 75
1053 97
1054 5
1055 23
1056 70
1057 54
1058 12
1059 7
1060 65
1061 18
1062 100
1063 22
1064 66
1065 44
1066 95
1067 34
1068 60
1069 27
1070 6
1071 68
1072 58
1073 72
1074 84
1075 55
1076 96
1077 100
1078 84
1079 22
1080 36
1081 68
1082 64
1083 71
1084 57
1085 28
1086 51
1087 54
1088 42
1089 31
1090 9
1091 16
1092 36
1093 45
1094 38
1095 37
1096 62
1097 30
1098 79
1099 87
1100 97
1101 42
1102 47
1103 99
1104 34
1105 75
1106 69
1107 87
1108 0
1109 46
1110 16
1111 92
1112 78
1113 89
1114 62
1115 58
1116 37
1117 16
1118 97
1119 85
1120 64
1121 35
1122 53
1123 88
1124 87
1125 77
1126 77
1127 58
1128 4
1129 74
1130 34
1131 30
1132 84
1133 79
1134 43
1135 46
1136 96
1137 1
1138 81
1139 36
1140 36
1141 43
1142 42
1143 50
1144 46
1145 98
1146 9
1147 91
1148 87
1149 95
1150 35
1151 53
1152 26
1153 81
1154 47
1155 67
1156 3
1157 20
1158 49
1159 93
1160 77
1161 11
1162 30
1163 77
1164 93
1165 74
1166 57
1167 75
1168 61
1169 65
1170 80
1171 22
1172 70
1173 58
1174 5
1175 100
1176 8
1177 17
1178 90
1179 25
1180 69
1181 22
1182 93
1183 54
1184 17
1185 9
1186 36
1187 74
1188 53
1189 64
1190 44
1191 82
1192 57
1193 77
1194 81
1195 59
1196 54
1197 7
1198 51
1199 19
1200 96
1201 75
1202 12
1203 36
1204 2
1205 40
1206 1
1207 39
1208 22
1209 61
1210 19
1211 67
1212 81
1213 19
1214 89
1215 22
1216 14
1217 2
1218 40
1219 43
1220 35
1221 0
1222 16
1223 72
1224 3
1225 1
1226 31
1227 17
1228 23
1229 34
1230 51
1231 86
1232 23
1233 21
1234 82
1235 83
1236 95
1237 49
1238 9
1239 22
1240 42
1241 58
1242 30
1243 48
1244 19
1245 57
1246 98
1247 35
1248 25
1249 42
1250 45
1251 28
1252 82
1253 64
1254 68
1255 90
1256 71
1257 76
1258 37
1259 14
1260 79
1261 21
1262 58
1263 81
1264 83
1265 25
1266 16
1267 39
1268 23
1269 21
1270 60
1271 41
1272 47
1273 66
1274 10
1275 100
1276 0
1277 13
1278 97
1279 88
1280 84
1281 31
1282 23
1283 14
1284 93
1285 46
1286 9
1287 59
1288 95
1289 32
1290 13
1291 96
1292 38
1293 53
1294 74
1295 66
1296 89
1297 54
1298 86
1299 71
1300 86
1301 33
1302 33
1303 58
1304 63
1305 33
1306 16
1307 89
1308 71
1309 37
1310 54
1311 60
1312 70
1313 90
1314 84
1315 88
1316 58
1317 56
1318 85
1319 95
1320 80
1321 7
1322 27
1323 91
1324 33
1325 82
1326 73
1327 55
1328 70
1329 83
1330 8
1331 93
1332 52
1333 63
1334 59
1335 98
1336 51
1337 44
1338 83
1339 69
1340 7
1341 97
1342 82
1343 88
1344 34
1345 66
1346 89
1347 39
1348 7
1349 59
1350 67
1351 16
1352 89
1353 51
1354 63
1355 27
1356 15
1357 6
1358 20
1359 37
1360 33
1361 36
1362 40
1363 97
1364 13
1365 84
1366 42
1367 73
1368 29
1369 22
1370 84
1371 53
1372 22
1373 41
1374 26
1375 59
1376 56
1377 94
1378 22
1379 50
1380 51
1381 48
1382 87
1383 29
1384 47
1385 89
1386 88
1387 10
1388 25
1389 28
1390 15
1391 35
1392 34
1393 95
1394 66
1395 18
1396 40
1397 45
1398 90
1399 48
1400 76
1401 54
1402 55
1403 46
1404 15
1405 98
1406 5
1407 76
1408 53
1409 58
1410 18
1411 21
1412 70
1413 42
1414 96
1415 74
1416 52
1417 32
1418 17
1419 76
1420 3
1421 27
1422 15
1423 6
1424 85
1425 4
1426 47
1427 98
1428 37
1429 51
1430 69
1431 57
1432 12
1433 36
1434 15
1435 95
1436 14
1437 35
1438 79
1439 26
1440 0
1441 91
1442 0
1443 86
1444 100
1445 15
1446 41
1447 5
1448 26
1449 27
1450 43
1451 57
1452 71
1453 49
1454 36
1455 60
1456 25
1457 41
1458 80
1459 23
1460 67
1461 83
1462 45
1463 10
1464 47
1465 78
1466 51
1467 51
1468 79
1469 70
1470 44
1471 87
1472 52
1473 29
1474 89
1475 93
1476 97
1477 31
1478 60
1479 60
1480 79
1481 96
1482 88
1483 37
1484 76
1485 94
1486 54
1487 57
1488 21
1489 9
1490 5
1491 56
1492 97
1493 54
1494 75
1495 27
1496 76
1497 22
1498 75
1499 70
1500 28
1501 36
1502 3
1503 87
1504 65
1505 52
1506 82
1507 7
1508 17
1509 59
1510 73
1511 63
1512 61
1513 8
1514 38
1515 19
1516 62
1517 6
1518 14
1519 49
1520 45
1521 100
1522 53
1523 40
1524 83
1525 97
1526 48
1527 26
1528 50
1529 26
1530 21
1531 48
1532 93
1533 100
1534 58
1535 48
1536 32
1537 91
1538 42
1539 48
1540 6
1541 41
1542 54
1543 71
1544 40
1545 68
1546 96
1547 76
1548 51
1549 16
1550 91
1551 95
1552 89
1553 38
1554 95
1555 66
1556 95
1557 45
1558 6
1559 41
1560 91
1561 75
1562 98
1563 12
1564 34
1565 16
1566 86
1567 62
1568 74
1569 1
1570 2
1571 62
1572 82
1573 92
1574 59
1575 38
1576 40
1577 81
1578 67
1579 32
1580 66
1581 89
1582 88
1583 70
1584 69
1585 89
1586 5
1587 26
1588 19
1589 13
1590 52
1591 48
1592 12
1593 70
1594 84
1595 31
1596 39
1597 79
1598 53
1599 16
1600 9
1601 38
1602 31
1603 0
1604 51
1605 15
1606 71
1607 94
1608 54
1609 88
1610 49
1611 63
1612 43
1613 34
1614 26
1615 59
1616 73
1617 93
1618 27
1619 64
1620 42
1621 31
1622 33
1623 32
1624 44
1625 20
1626 73
1627 20
1628 6
1629 98
1630 18
1631 82
1632 7
1633 80
1634 2
1635 59
1636 97
1637 34
1638 64
1639 10
1640 49
1641 85
1642 36
1643 48
1644 31
1645 59
1646 73
1647 1
1648 35
1649 96
1650 36
1651 40
1652 19
1653 41
1654 69
1655 54
1656 12
1657 55
1658 24
1659 99
1660 93
1661 47
1662 28
1663 62
1664 89
1665 4
1666 5
1667 97
1668 45
1669 96
1670 93
1671 90
1672 29
1673 64
1674 67
1675 26
1676 49
1677 8
1678 60
1679 13
1680 83
1681 2
1682 9
1683 21
1684 35
1685 12
1686 96
1687 75
1688 47
1689 18
1690 14
1691 89
1692 20
1693 77
1694 62
1695 27
1696 24
1697 86
1698 84
1699 73
1700 81
1701 26
1702 3
1703 10
1704 41
1705 56
1706 73
1707 94
1708 85
1709 86
1710 41
1711 3
1712 95
1713 25
1714 88
1715 55
1716 10
1717 97
1718 98
1719 16
1720 69
1721 1
1722 86
1723 76
1724 8
1725 66
1726 24
1727 24
1728 14
1729 7
1730 17
1731 42
1732 67
1733 45
1734 34
1735 33
1736 82
1737 11
1738 82
1739 76
1740 22
1741 59
1742 44
1743 1
1744 65
1745 56
1746 8
1747 61
1748 25
1749 34
1750 19
1751 1
1752 30
1753 51
1754 28
1755 80
1756 22
1757 84
1758 41
1759 68
1760 67
1761 43
1762 54
1763 97
1764 86
1765 64
1766 80
1767 54
1768 11
1769 11
1770 9
1771 26
1772 47
1773 65
1774 24
1775 80
1776 5
1777 83
1778 67
1779 65
1780 10
1781 97
1782 33
1783 23
1784 13
1785 4
1786 73
1787 65
1788 47
1789 20
1790 92
1791 4
1792 66
1793 63
1794 55
1795 30
1796 37
1797 52
1798 70
1799 49
1800 73
1801 53
1802 26
1803 26
1804 36
1805 19
1806 54
1807 74
1808 27
1809 51
1810 43
1811 27
1812 41
1813 89
1814 60
1815 49
1816 33
1817 11
1818 61
1819 72
1820 94
1821 10
1822 36
1823 4
1824 74
1825 11
1826 7
1827 33
1828 16
1829 81
1830 64
1831 44
1832 72
1833 20
1834 87
1835 41
1836 30
1837 78
1838 16
1839 14
1840 40
1841 28
1842 40
1843 64
1844 40
1845 78
1846 67
1847 39
1848 84
1849 14
1850 60
1851 91
1852 20
1853 9
1854 29
1855 82
1856 72
1857 98
1858 20
1859 41
1860 49
1861 72
1862 72
1863 87
1864 64
1865 98
1866 30
1867 91
1868 50
1869 66
1870 16
1871 20
1872 35
1873 72
1874 92
1875 35
1876 70
1877 57
1878 83
1879 40
1880 27
1881 1
1882 15
1883 80
1884 71
1885 37
1886 90
1887 41
1888 36
1889 73
1890 0
1891 22
1892 83
1893 35
1894 28
1895 46
1896 47
1897 75
1898 73
1899 46
1900 14
1901 36
1902 48
1903 100
1904 79
1905 36
1906 65
1907 9
1908 57
1909 95
1910 6
1911 34
1912 96
1913 35
1914 22
1915 48
1916 62
1917 55
1918 34
1919 73
1920 94
1921 92
1922 21
1923 61
1924 49
1925 63
1926 29
1927 49
1928 99
1929 25
1930 63
1931 11
1932 47
1933 60
1934 14
1935 23
1936 58
1937 97
1938 19
1939 36
1940 2
1941 49
1942 12
1943 0
1944 11
1945 33
1946 37
1947 94
1948 2
1949 25
1950 44
1951 97
1952 14
1953 81
1954 96
1955 3
1956 91
1957 1
1958 63
1959 25
1960 42
1961 9
1962 15
1963 58
1964 14
1965 88
1966 64
1967 64
1968 20
1969 87
1970 33
1971 71
1972 18
1973 39
1974 53
1975 30
1976 68
1977 47
1978 78
1979 43
1980 72
1981 47
1982 26
1983 86
1984 52
1985 8
1986 95
1987 52
1988 30
1989 2
1990 11
1991 73
1992 74
1993 90
1994 45
1995 22
1996 17
1997 79
1998 98
1999 51
2000 26
2001 665
2002 869
2003 75
2004 628
2005 386
2006 947
2007 964
2008 773
2009 675
2010 58
2011 83
2012 169
2013 735
2014 610
2015 133
2016 762
2017 403
2018 625
2019 173
2020 253
2021 506
2022 462
2023 698
2024 790
2025 607
2026 147
2027 84
2028 678
2029 235
2030 144
2031 669
2032 285
2033 489
2034 308
2035 502
2036 299
2037 151
2038 736
2039 933
2040 851
2041 410
2042 153
2043 268
2044 766
2045 285
2046 813
2047 608
2048 95
2049 591
2050 342
2051 134
2052 63
2053 545
2054 973
2055 496
2056 24
2057 74
2058 83
2059 844
2060 228
2061 756
2062 98
2063 648
2064 785
2065 46
2066 896
2067 109
2068 520
2069 145
2070 951
2071 492
2072 257
2073 363
2074 754
2075 39
2076 988
2077 647
2078 946
2079 807
2080 684
2081 721
2082 459
2083 660
2084 134
2085 872
2086 799
2087 37
2088 592
2089 348
2090 790
2091 503
2092 281
2093 470
2094 86
2095 724
2096 995
2097 9
2098 469
2099 612
2100 296
2101 180
2102 290
2103 572
2104 967
2105 910
2106 289
2107 925
2108 102
2109 525
2110 905
2111 245
2112 818
2113 620
2114 646
2115 944
2116 690
2117 228
2118 749
2119 317
2120 210
2121 901
2122 325
2123 888
2124 688
2125 261
2126 18
2127 687
2128 956
2129 629
2130 2
2131 749
2132 215
2133 821
2134 336
2135 324
2136 24
2137 329
2138 373
2139 546
2140 892
2141 876
2142 396
2143 37
2144 181
2145 164
2146 116
2147 675
2148 749
2149 783
2150 961
2151 340
2152 279
2153 49
2154 506
2155 812
2156 630
2157 446
2158 6
2159 289
2160 843
2161 442
2162 83
2163 506
2164 388
2165 441
2166 421
2167 757
2168 395
2169 411
2170 441
2171 716
2172 635
2173 234
2174 428
2175 870
2176 281
2177 759
2178 981
2179 564
2180 832
2181 163
2182 169
2183 753
2184 403
2185 754
2186 154
2187 394
2188 115
2189 709
2190 159
2191 27
2192 199
2193 413
2194 311
2195 469
2196 582
2197 230
2198 885
2199 863
2200 767
2201 832
2202 562
2203 409
2204 152
2205 979
2206 411
2207 128
2208 107
2209 838
2210 992
2211 871
2212 859
2213 144
2214 363
2215 59
2216 156
2217 457
2218 195
2219 10
2220 368
2221 692
2222 911
2223 73
2224 914
2225 370
2226 51
2227 623
2228 929
2229 517
2230 152
2231 343
2232 362
2233 840
2234 971
2235 87
2236 928
2237 50
2238 541
2239 818
2240 957
2241 979
2242 757
2243 809
2244 305
2245 165
2246 772
2247 806
2248 528
2249 909
2250 831
2251 358
2252 286
2253 696
2254 568
2255 959
2256 915
2257 24
2258 263
2259 481
2260 228
2261 592
2262 314
2263 350
2264 523
2265 29
2266 237
2267 885
2268 224
2269 718
2270 996
2271 807
2272 670
2273 441
2274 985
2275 503
2276 468
2277 275
2278 460
2279 28
2280 115
2281 163
2282 94
2283 298
2284 977
2285 292
2286 369
2287 260
2288 640
2289 673
2290 655
2291 661
2292 39
2293 227
2294 259
2295 530
2296 757
2297 332
2298 542
2299 525
2300 804
2301 530
2302 750
2303 89
2304 86
2305 238
2306 75
2307 262
2308 660
2309 613
2310 54
2311 279
2312 884
2313 462
2314 418
2315 549
2316 968
2317 829
2318 751
2319 420
2320 327
2321 87
2322 163
2323 229
2324 246
2325 722
2326 621
2327 939
2328 984
2329 856
2330 907
2331 292
2332 53
2333 975
2334 969
2335 253
2336 97
2337 1000
2338 843
2339 593
2340 603
2341 815
2342 629
2343 492
2344 199
2345 288
2346 838
2347 925
2348 788
2349 620
2350 717
2351 849
2352 415
2353 92
2354 812
2355 356
2356 79
2357 417
2358 63
2359 173
2360 822
2361 145
2362 205
2363 138
2364 940
2365 989
2366 524
2367 844
2368 948
2369 310
2370 735
2371 136
2372 65
2373 265
2374 237
2375 610
2376 717
2377 623
2378 0
2379 787
2380 611
2381 872
2382 827
2383 507
2384 253
2385 878
2386 54
2387 538
2388 788
2389 637
2390 559
2391 790
2392 788
2393 119
2394 435
2395 908
2396 325
2397 312
2398 774
2399 347
2400 837
2401 109
2402 876
2403 539
2404 84
2405 717
2406 977
2407 295
2408 118
2409 581
2410 468
2411 184
2412 470
2413 462
2414 510
2415 15
2416 270
2417 176
2418 492
2419 949
2420 296
2421 247
2422 891
2423 718
2424 725
2425 145
2426 569
2427 926
2428 168
2429 185
2430 607
2431 370
2432 640
2433 34
2434 897
2435 749
2436 517
2437 8
2438 759
2439 107
2440 42
2441 987
2442 50
2443 890
2444 785
2445 824
2446 284
2447 726
2448 891
2449 584
2450 999
2451 377
2452 820
2453 863
2454 108
2455 689
2456 704
2457 889
2458 461
2459 176
2460 956
2461 120
2462 803
2463 706
2464 144
2465 758
2466 830
2467 482
2468 216
2469 337
2470 84
2471 388
2472 101
2473 627
2474 463
2475 273
2476 711
2477 16
2478 955
2479 201
2480 496
2481 734
2482 534
2483 806
2484 395
2485 327
2486 675
2487 81
2488 901
2489 539
2490 177
2491 803
2492 183
2493 996
2494 202
2495 763
2496 510
2497 181
2498 518
2499 977
2500 383
2501 503
2502 516
2503 643
2504 206
2505 42
2506 256
2507 426
2508 404
2509 314
2510 131
2511 912
2512 81
2513 210
2514 26
2515 833
2516 138
2517 962
2518 331
2519 138
2520 482
2521 657
2522 961
2523 308
2524 84
2525 965
2526 948
2527 784
2528 357
2529 685
2530 296
2531 962
2532 953
2533 565
2534 591
2535 79
2536 258
2537 198
2538 184
2539 91
2540 350
2541 707
2542 556
2543 623
2544 401
2545 605
2546 897
2547 950
2548 270
2549 576
2550 266
2551 97
2552 982
2553 780
2554 69
2555 620
2556 342
2557 610
2558 411
2559 506
2560 449
2561 833
2562 821
2563 909
2564 886
2565 672
2566 144
2567 567
2568 412
2569 175
2570 584
2571 547
2572 932
2573 45
2574 596
2575 838
2576 698
2577 443
2578 359
2579 338
2580 945
2581 858
2582 385
2583 326
2584 436
2585 795
2586 274
2587 254
2588 423
2589 390
2590 185
2591 147
2592 895
2593 259
2594 521
2595 796
2596 939
2597 984
2598 371
2599 512
2600 608
2601 696
2602 64
2603 620
2604 961
2605 776
2606 710
2607 423
2608 968
2609 598
2610 927
2611 727
2612 946
2613 703
2614 541
2615 437
2616 427
2617 155
2618 105
2619 475
2620 76
2621 722
2622 211
2623 525
2624 665
2625 729
2626 649
2627 710
2628 245
2629 957
2630 114
2631 588
2632 964
2633 482
2634 467
2635 122
2636 801
2637 662
2638 333
2639 769
2640 174
2641 992
2642 889
2643 444
2644 539
2645 224
2646 758
2647 527
2648 587
2649 173
2650 891
2651 656
2652 832
2653 87
2654 636
2655 676
2656 135
2657 734
2658 228
2659 347
2660 810
2661 143
2662 407
2663 662
2664 896
2665 310
2666 784
2667 13
2668 638
2669 232
2670 842
2671 503
2672 536
2673 803
2674 301
2675 230
2676 731
2677 908
2678 571
2679 511
2680 135
2681 668
2682 81
2683 761
2684 864
2685 330
2686 721
2687 119
2688 999
2689 211
2690 49
2691 732
2692 261
2693 568
2694 182
2695 60
2696 684
2697 810
2698 117
2699 10
2700 380
2701 805
2702 754
2703 500
2704 57
2705 418
2706 471
2707 866
2708 977
2709 628
2710 678
2711 528
2712 813
2713 123
2714 894
2715 162
2716 272
2717 756
2718 644
2719 157
2720 493
2721 181
2722 629
2723 804
2724 495
2725 455
2726 655
2727 326
2728 596
2729 400
2730 940
2731 267
2732 261
2733 294
2734 124
2735 599
2736 440
2737 73
2738 206
2739 76
2740 602
2741 829
2742 46
2743 469
2744 902
2745 887
2746 51
2747 747
2748 659
2749 470
2750 882
2751 127
2752 390
2753 439
2754 695
2755 180
2756 416
2757 280
2758 803
2759 721
2760 335
2761 734
2762 13
2763 719
2764 388
2765 455
2766 106
2767 830
2768 918
2769 270
2770 185
2771 911
2772 212
2773 375
2774 683
2775 862
2776 648
2777 33
2778 957
2779 432
2780 798
2781 795
2782 686
2783 516
2784 619
2785 579
2786 411
2787 107
2788 976
2789 316
2790 599
2791 937
2792 246
2793 667
2794 840
2795 486
2796 462
2797 286
2798 730
2799 444
2800 679
2801 803
2802 219
2803 720
2804 236
2805 909
2806 544
2807 476
2808 247
2809 581
2810 610
2811 890
2812 18
2813 110
2814 945
2815 121
2816 60
2817 560
2818 440
2819 78
2820 907
2821 1000
2822 239
2823 957
2824 580
2825 475
2826 320
2827 256
2828 342
2829 733
2830 992
2831 611
2832 295
2833 938
2834 68
2835 990
2836 991
2837 607
2838 787
2839 367
2840 563
2841 673
2842 607
2843 366
2844 117
2845 62
2846 557
2847 584
2848 34
2849 201
2850 698
2851 604
2852 951
2853 820
2854 388
2855 146
2856 294
2857 608
2858 390
2859 529
2860 258
2861 65
2862 609
2863 459
2864 395
2865 327
2866 518
2867 637
2868 37
2869 378
2870 480
2871 451
2872 86
2873 486
2874 404
2875 352
2876 754
2877 612
2878 658
2879 435
2880 559
2881 676
2882 810
2883 999
2884 394
2885 906
2886 632
2887 579
2888 615
2889 192
2890 459
2891 915
2892 572
2893 669
2894 313
2895 51
2896 436
2897 174
2898 562
2899 31
2900 793
2901 33
2902 652
2903 495
2904 139
2905 255
2906 464
2907 622
2908 807
2909 281
2910 939
2911 82
2912 486
2913 375
2914 632
2915 910
2916 786
2917 847
2918 273
2919 816
2920 255
2921 188
2922 551
2923 570
2924 680
2925 199
2926 231
2927 627
2928 885
2929 73
2930 676
2931 805
2932 972
2933 68
2934 916
2935 799
2936 488
2937 79
2938 870
2939 621
2940 481
2941 217
2942 174
2943 198
2944 433
2945 462
2946 780
2947 599
2948 133
2949 188
2950 575
2951 764
2952 703
2953 58
2954 533
2955 982
2956 734
2957 162
2958 904
2959 221
2960 805
2961 871
2962 330
2963 910
2964 877
2965 207
2966 99
2967 261
2968 727
2969 741
2970 712
2971 482
2972 326
2973 924
2974 285
2975 898
2976 509
2977 751
2978 598
2979 571
2980 605
2981 724
2982 619
2983 692
2984 157
2985 206
2986 808
2987 44
2988 272
2989 870
2990 753
2991 453
2992 576
2993 439
2994 746
2995 638
2996 663
2997 39
2998 76
2999 84
